%YAML:1.0
C: !!opencv-matrix
   rows: 3
   cols: 5
   dt: f
   data: [ -5994460., -5994473., -5.99442750e+006, -5994463., -5994468.,
       -103904152., -103904152., -103904152., -103904152., -103904152.,
       2.28510742e+001, 3.80763233e-001, 5.04436798e+001,
       8.29761124e+000, 8.75199223e+000 ]
