%YAML:1.0
T: !!opencv-matrix
   rows: 4
   cols: 4
   dt: d
   data: [ 6.6666666666666674e-001, 3.3333333333333331e-001,
       9.9999999999999991e-031, 9.9999999999999973e-031,
       1.0000000000000001e-030, 6.6666666666666674e-001,
       3.3333333333333337e-001, 9.9999999999999991e-031,
       1.0000000000000001e-030, 1.0000000000000001e-030,
       6.6666666666666674e-001, 3.3333333333333320e-001,
       1.0000000000000001e-030, 9.9999999999999991e-031,
       9.9999999999999991e-031, 1. ]
E: !!opencv-matrix
   rows: 4
   cols: 3
   dt: d
   data: [ 1.1111111111111112e-001, 1.1111111111111112e-001,
       7.7777777777777779e-001, 1.1111111111111112e-001,
       1.1111111111111112e-001, 7.7777777777777779e-001,
       1.1111111111111112e-001, 1.1111111111111112e-001,
       7.7777777777777779e-001, 1.1111111111111112e-001,
       1.1111111111111112e-001, 7.7777777777777779e-001 ]
I: !!opencv-matrix
   rows: 1
   cols: 4
   dt: d
   data: [ 5.0000000000000000e-001, 1.6666666666666669e-001,
       1.6666666666666666e-001, 1.6666666666666666e-001 ]
