<?xml version="1.0"?>
<opencv_storage>
<V>
  82. 139. 556. 145. 624. 393. 10. 383.</V>
<S>
  0. 0. 640. 0. 640. 360. 0. 360.</S>
</opencv_storage>
