<?xml version="1.0"?>
<opencv_storage>
<V>
  95. 37. 540. 178. 592. 423. 33. 358.</V>
<S>
  0. 0. 640. 0. 640. 360. 0. 360.</S>
</opencv_storage>
